9 8
4   3   1 247   4   2 123  10   3 100   8   3   4 140  10   2 130   7   7 123  10   3   4 150   8   5 160   5   7 200   4   2   7 210   4   8 145   9
4   2   1 214   4   3 150   5   2   3  87   6   2  66   6   3   5 178   7   6  95   4   7 150   5   2   5 120   8   8 150   9
4   2   1  87   6   2  62   6   3   7 145  10   3 180   9   4 105   6   3   4 190   5   5 100   4   6 153  10   2   6 170   6   8 165   8
4   2   1  87   7   2  65  10   2   3 250   5   5 173   4   2   4 145   4   6 136   4   2   5 250   8   6 170   7
4   3   2 123  10   3 145   6   1 128  10   3   7  86   8   4  65  10   5  47   7   3   5 110   7   6  85   7   2 100   7   2   8 165   7   6 180  10
4   3   2 145   9   3 320   6   4 154   9   3   4 150   9   3 123   6   5 192   5   3   5 120   4   6 240   9   7 180   7   2   4 120   7   7  50   9
4   2   3 145   5   2 157   6   2   3 124   9   5 168   7   3   5 145   6   6 165   5   7 178   8   2   8 230   9   5 140   4
4   2   4 245   5   3 257   7   2   6 224  10   5 268   6   3   5 145   5   6 165   4   7 178   4   2   7 150   8   8 150   9
4   2   2 150   6   3 150   6   2   3 180   4   4 220   6   2   5  40  10   7  50   4   2   6 150   5   8 170   9
