11  8
4   3   1 247   4   2 123   7   3 100   9   3   4 140  10   2 130   7   7 123   9   3   4 150   7   5 160   9   7 200   6   2   7 210   4   8 145   8
4   2   1 214   9   3 150   6   2   3  87   6   2  66   4   3   5 178   6   6  95   6   7 150   5   2   5 120  10   8 150   8
4   2   1  87   6   2  62   8   3   7 145   8   3 180  10   4 105   9   3   4 190   9   5 100  10   6 153   4   2   6 170   8   8 165  10
4   2   1  87   7   2  65   4   2   3 250   7   5 173   5   2   4 145   7   6 136   4   2   5 250   4   6 170   9
4   3   2 123   5   3 145   7   1 128   7   3   7  86   4   4  65  10   5  47   7   3   5 110  10   6  85   7   2 100  10   2   8 165   5   6 180   4
4   3   2 145   5   3 320   4   4 154   5   3   4 150  10   3 123   9   5 192  10   3   5 120   4   6 240   4   7 180  10   2   4 120   7   7  50   9
4   2   3 145   6   2 157   4   2   3 124   7   5 168   6   3   5 145  10   6 165   5   7 178   5   2   8 230   5   5 140  10
4   2   4 245   9   3 257   5   2   6 224   8   5 268   5   3   5 145   7   6 165  10   7 178   8   2   7 150   5   8 150   8
4   2   2 150   5   3 150   4   2   3 180   5   4 220   7   2   5  40   8   7  50   7   2   6 150   5   8 170   5
4   2   4 245  10   3 257   6   2   6 224   5   5 268  10   3   5 145   4   6 165   8   7 178   6   2   7 150   6   8 150   9
4   2   2 150   7   3 150   8   2   3 180   9   4 220   8   2   5  40   6   7  50   5   2   6 150   8   8 170   5
