12  8
4   3   1 247   4   2 223   5   3 100   4   3   4 140   4   2 130   6   7 123  10   3   4 150   5   5 160  10   7 200   4   2   7 210   7   8 145   6
4   2   1 214   8   3 150  10   2   3  87   6   2  66   5   3   5 178   4   6  95   5   7 150   9   2   5 120  10   8 150   8
4   2   1  87   7   2  62   8   3   7 145   4   3 180  10   4 105   8   3   4 190   5   5 100   7   6 153   7   2   6 170   8   8 165  10
4   2   1  87   7   2  65   8   2   3 250  10   5 173   4   2   4 145   8   6 136   4   2   5 250   8   6 170   9
4   3   2 123   4   3 145   7   1 128   6   3   7  86   8   4  65   8   5  47   4   3   5 110  10   6  85  10   2 100   5   2   8 165   4   6 180  10
4   3   2 145   6   3 320   9   4 154  10   3   4 150  10   3 123  10   5 192   6   3   5 120   8   6 240  10   7 180  10   2   4 120   9   7  50   4
4   2   3 145  10   2 157   8   2   3 124   8   5 168   9   3   5 145   7   6 165  10   7 178   4   2   8 230   8   5 140   8
4   2   4 245   7   3 257   5   2   6 224  10   5 268  10   3   5 145   8   6 165   4   7 178   7   2   7 150   7   8 150   4
4   2   2 150   6   3 150   9   2   3 180   9   4 220   4   2   5  40   6   7  50   9   2   6 150   5   8 170   8
4   2   4 245   4   3 257   8   2   6 224   9   5 268   8   3   5 145   6   6 165   7   7 178   5   2   7 150   5   8 150   9
4   2   2 150   8   3 150   7   2   3 180  10   4 220   9   2   5  40   8   7  50   9   2   6 150   7   8 170   4
4   2   3 345   7   2 357   9   2   3 224   6   5 268   5   3   5 145   7   6 165   6   7 178   9   2   8 230   9   5 340   6
