10  6
6  2  1  5  9  3  4  6  3  5  3  5  3  5 10  2  1 10  2  3  4  6  6  2  4  3  6  5  4  2  6  9  1  1  7  1  3  1  7  3  6  6  5  3  6  6  4  3  4
5  1  2  6  7  1  3  1  4  1  1  2  8  2  2  6  4  4  6 10  3  6  5 10  2  6  4  1  1  8
5 1 2 6 9 2 3 4 5 6 2 9 3 6 5 9 2 6 5 1 1 9 3 3 4 9 2 6 9 6 6 9 2 1 1 5 5 5 5
5 3 6 5 4 2 6 4 1 1 6 1 2 6 4 1 3 1 6 3 5 3 7 3 5 9 2 1 9 2 3 4 9 6 2 6
6 3 5 3 7 3 5 6 2 1 9 3 6 5 9 2 6 7 1 1 5 1 2 6 8 2 1 5 7 3 4 7 2 2 6 7 4 6 6 3 3 4 9 2 6 4 6 6 8
6  2  3  4  9  6  2  8  1  1  2  9  3  3  4  8  2  6  8  6  6  5  1  2  6 10  3  6  5  9  2  6  9  1  1 10  2  1  3  5  4  2 10
5  1  6  1  4  2  1  3  5  4  2  8  3  3  4  9  2  6  4  6  6 10  3  2  6  4  5  1  6  1  6  5  1  3  1  5
5  2  3  4  8  6  2  8  3  3  4 10  2  6  6  6  6  6  3  6  5 10  2  6  9  1  1  5  1  2  6  6  2  2  6  4  4  6  5
6  1  6  1  4  2  1  1  5  5  5  4  3  6  6  8  3  6  8  4  3  5  1  1  2  4  3  3  4  7  2  6  4  6  6  4  2  2  6  6  4  6 10
6 2 3 4 4 6 2 8 3 3 4 9 2 6 6 6 6 8 3 5 3 4 3 5 8 2 1 9 1 6 1 5 2 2 6 5 4 6 6 2 1 3 5 4 2 4
