15  8
10  4  7 15 10  8 11  5  4  5  4  5 19  9  2  3 18  8  4  5  4  4  8 18  9  7  3  6  6 11  5  3 16  4  4  5  7 10  2  1  9  7  2  5  3 19  5  2  5  6  6  6  3 10  3  4  5  9  5  2  5  8 18  6  1  5  2  4  1  1 17  9  5  5 10  9  2 10  9  1 12  4  8  5 10  3 14  9  3  7 15  8  6  2  4  8 19  7
10  4  8 18  8  7  3 10  6 11  8  3 16  8  1  1 17  6  2  2  1  5  4 13  7  5  5 10  6  2 10  7  1 12  8  8  5  7  3 14  8  5  4 11  7  1  9  4  2 18  4  6 18  5  3 13  4  2  6 15  9  7 13  7  4  7 15  9  8 11  5  4  5  4  5 19  5  4  5  7  9  2  1 10  7  2 10  3 19  9  4  4 11  4  1  7  7  6 13  4  8  3 10  3  7 15  8  6  2  4  8 19 10
10  2  3  3  9  5  5  6  4  5  7  8  2  1  8  7  2 10  3 19 10  2  3 18  7  4  5  9  2  5  6  6  6  3  9  4  4 11  8  1  7  4  6 13  5  8  3  6  3  7 15  4  6  2  7  8 19  9  5  4 11  9  1  9  9  2 18  9  6 18 10  3 13 10  3  4  5  8  5  2  9  8 18  6  1  1 17 10  2  2  1  5  4 13  6
10  2  3 18  4  4  5  4  2  3  3  6  5  5  5  5  4 11  4  1  9  6  2 18  6  6 18  4  3 13 10  4  4 11  4  1  7  6  6 13  8  8  3 10  2  6 15  9  7 13  9  4  5  7  6  2  1 10  7  2 10  3 19 10  1  5  2  6  4  8 18 10  7  3  8  6 11  7  3 16  8  1  1 17  4  2  5  6  4  6  3  8
10  2  6 15  9  7 13  9  3  7 15  7  6  2  7  8 19  8  1  5  2  8  4  7 15  9  8 11  9  4  5 10  5 19  6  5  4 11  9  1  9  5  2 18  5  6 18  4  3 13  8  4  5  7  8  2  1  8  7  2  4  3 19  9  3  4  5  7  5  2  6  8 18  8  2  5  6  9  6  3 10  2  3  3  8  5  5  7  5  5 10  9  2 10  6  1 12  6  8  5 10  3 14  6
10  2  2  1  8  4 13  8  2  6 15  4  7 13  7  2  3 18  7  4  5  5  4  8 18  6  7  3  7  6 11  7  3 16 10  5  4 11  9  1  9  8  2 18  7  6 18 10  3 13  4  5  5 10  5  2 10  9  1 12  7  8  5  6  3 14  8  4  4 11  5  1  7  5  6 13  9  8  3  9  4  7 15 10  8 11  7  4  5  4  5 19  5  2  5  6  8  6  3  4  2  3  3  8  5  5  5
10  5  5 10  7  2 10  4  1 12 10  8  5 10  3 14 10  4  4 11  9  1  7  8  6 13  7  8  3  8  2  2  1  6  4 13  4  1  1 17 10  2  6 15  9  7 13  4  4  5  7  6  2  1  7  7  2  9  3 19  8  1  5  2  8  5  4 11 10  1  9 10  2 18  4  6 18  4  3 13  7  2  3 18  4  4  5  5  3  7 15  7  6  2  9  8 19  6
10  3  7 15  5  6  2  6  8 19  6  1  1 17 10  4  7 15  5  8 11 10  4  5 10  5 19  9  2  6 15  5  7 13 10  5  5 10  5  2 10  6  1 12  6  8  5  7  3 14  6  4  4 11  5  1  7  9  6 13  4  8  3  8  5  4 11  8  1  9  6  2 18  7  6 18  5  3 13  5  2  2  1 10  4 13 10  2  3 18  8  4  5  5  2  3  3  4  5  5  4
10  1  1 17  5  5  5 10  4  2 10  6  1 12  6  8  5  8  3 14 10  4  8 18 10  7  3  9  6 11  4  3 16  6  3  7 15 10  6  2  6  8 19 10  2  6 15 10  7 13  8  4  4 11  5  1  7 10  6 13  5  8  3  6  1  5  2  8  2  2  1  4  4 13  4  5  4 11  8  1  9  5  2 18  6  6 18  4  3 13  8  4  7 15  6  8 11  9  4  5 10  5 19  7
10  1  1 17  4  2  6 15  5  7 13  8  3  4  5 10  5  2  6  8 18  6  5  4 11 10  1  9  9  2 18  7  6 18  5  3 13  7  4  4 11  7  1  7 10  6 13  7  8  3  4  2  3 18  6  4  5  6  2  5  6 10  6  3  5  3  7 15  4  6  2  4  8 19  4  4  8 18  4  7  3  9  6 11  4  3 16  6  5  5 10  6  2 10  6  1 12  4  8  5  4  3 14  7
10  2  2  1  8  4 13  9  3  7 15  5  6  2  4  8 19  7  4  8 18  8  7  3  6  6 11  4  3 16  7  2  3 18  9  4  5  6  2  5  6  6  6  3  5  1  1 17 10  2  3  3  4  5  5  9  3  4  5  6  5  2 10  8 18  4  5  5 10  8  2 10  6  1 12  5  8  5  6  3 14  6  5  4 11  7  1  9  5  2 18  8  6 18  7  3 13  5
10  4  4 11  9  1  7  6  6 13  6  8  3  9  3  4  5  6  5  2 10  8 18  5  4  8 18  7  7  3 10  6 11  5  3 16  8  1  1 17  8  5  4 11  4  1  9  5  2 18 10  6 18  7  3 13  9  3  7 15  9  6  2  9  8 19  9  1  5  2  9  2  3  3  6  5  5 10  4  7 15  5  8 11  9  4  5  4  5 19  4  2  2  1  9  4 13  4
10  5  5 10  4  2 10  9  1 12  8  8  5  4  3 14  6  1  5  2  9  2  3 18  8  4  5  6  4  5  7  7  2  1  4  7  2  5  3 19  8  2  6 15  8  7 13 10  4  8 18  4  7  3 10  6 11  8  3 16  5  4  7 15  4  8 11  9  4  5  7  5 19  6  5  4 11  5  1  9  5  2 18  6  6 18  5  3 13  8  2  5  6  7  6  3  9  4  4 11  5  1  7 10  6 13  4  8  3  4
10  4  8 18  9  7  3  4  6 11  5  3 16  4  3  4  5  8  5  2  6  8 18  7  2  2  1  5  4 13  4  4  5  7  8  2  1 10  7  2  6  3 19  6  2  5  6  4  6  3  8  2  3 18  8  4  5  4  2  6 15 10  7 13  5  1  5  2  6  5  4 11  5  1  9  5  2 18 10  6 18  9  3 13  4  1  1 17  4
10  5  5 10  5  2 10  4  1 12  9  8  5  4  3 14  5  2  5  6  5  6  3  7  2  6 15  9  7 13 10  4  7 15  8  8 11  4  4  5  6  5 19  7  4  8 18  7  7  3  9  6 11 10  3 16  8  1  1 17  7  5  4 11 10  1  9  9  2 18  6  6 18  9  3 13  4  3  4  5  6  5  2  6  8 18  4  2  3 18  7  4  5  9  4  5  7  9  2  1  7  7  2  7  3 19  4
