20  5
5  2  2  4  8  1 15  6  2  3 18 10  1 15  6  1  2  4  8  1  4 18  8  5  3  8  5  5  2  4  4  5 10  1  7  7  2  7  4
5  2  1  3  5  5 13  6  5  3  8 10  5  2  6  4  5  8  1  7  4  2  7  8  2  2  4  6  1 15 10  3  1  8  4  5  1  5  2  5  6  3  1  3 10  5 13  7  3  2  6
5  5  2 18 10  5  1  5  4 19  5  1  9  7  3  3 10  1  4 18  7  2  4 11  6  3  9  6  1  2  4  9  3  5 12  9  3 14  8  4 19  9
5  2  2  4  8  1 15 10  4  4 10 10  3 10  4  2 17  4  5  8  8  4  5 18  8  3 13  6  2  2  9  1  5  7  5  4 10 10  5 15 10  1  2  7  3  9  9  2 16  7  2  3 15  9  1  6  7
5  3  1  3  9  5 13  8  3  2  8  2  3 18 10  1 15  4  5  2 18  8  5  1  7  4 19  6  1  9  5  3  3  7  3  5 12  7  3 14 10  4 19  5  1  4  5  9
5  5  3  8 10  5  2 10  4  5  7  1  7 10  2  7  6  2  3 18  6  1 15  6  2  1 15  6  5  7  7  2  2  7  5  1 17  4  2  2  4  9  1 15  8
5  1  4  5  7  2  1 15  5  5  7  4  2  2  4  4  1 15 10  3  1  3 10  5 13  8  3  2  7  4  4  6  7  2 17  4  3 15  4  5  7  8
5  4  4  6  7  2 17  5  3 15  8  5  7  8  3  3 18  5  1  2  8  4 15  7  4  2 14  9  4 14 10  3 19  9  5 15 10  1  2  4  9  2  2  7  7  1 17  7
5  5  2 18 10  5  1  8  4 19  9  1  9  9  3  3  7  4  4  6  7  2 17  5  3 15  6  5  7  9  3  1  8  6  5  1  4  2  5  7  4  2 14  4  4 14  9  3 19  7  5 15  7  2  1 17  8  5 15  9
5  2  1 15  6  5  7  6  4  4 10 10  3 10  8  2 17  9  5  8  7  2  3 15  8  1  6  6  1  4  5 10  5  3 16  8  5 17  7  4 10  4  2 10  8  1  7  5
5  1  4 18  4  3  1  8 10  5  1 10  2  5  5  5  3  8  5  5  2  6  4  5  7  1  7  5  2  7  5  2  1 15  8  5  7  4  2  1 17 10  5 15  9
5  3  5 12  6  3 14  6  4 19 10  4  4 10  8  3 10  6  2 17  8  5  8  4  2  3 15  8  1  6  6  5  3  8  7  5  2 10  4  5  6  1  7  6  2  7  9  5  3 16  7  5 17  7  4 10  8  2 10 10  1  7  9
5  2  1 17  7  5 15  8  1  4 18  9  4  2 17  7  5 19  6  4  5  6  3 12  5  3  3 18  4  1  2  8  4 15  5  3  1  8  4  5  1 10  2  5  6
5  2  5  1 10  3  5 10  3  3 18  7  1  2 10  4 15  6  4  4 10  5  3 10  8  2 17  7  5  8  9  2  3 18  5  1 15  4  5  3  8  9  5  2  4  4  5  6  1  7  8  2  7 10
5  5  3  8  6  5  2  9  4  5 10  1  7 10  2  7  4  2  5  1  5  3  5  8  3  5 12  8  3 14  7  4 19  7  5  3 16 10  5 17  4  4 10  8  2 10  6  1  7  7  2  1 17  7  5 15  9
5  5  4 10  8  5 15 10  1  2  8  3  9  7  2 16 10  2  4 11  8  3  9 10  1  2  4 10  2  1 15  6  5  7  9  1  4  5  7
5  5  3  8  6  5  2 10  4  5  5  1  7  4  2  7  7  4  2 14 10  4 14  7  3 19  5  5 15  5  3  3 18  4  1  2  8  4 15 10  2  3 15  5  1  6  9  5  2 18  9  5  1  5  4 19  7  1  9  4  3  3  9
5  1  2  4  7  3  1  8  6  5  1 10  2  5  8  2  5  1  4  3  5 10  2  3 18  4  1 15  9  2  1 15  5  5  7  8
5  3  1  3  6  5 13  8  3  2  5  4  4  6  6  2 17  9  3 15  5  5  7  6  4  5 18  6  3 13  6  2  2  4  1  5  7  1  4 18  8  2  1  3  4  5 13  8
5  1  4  5  6  2  2  4  8  1 15  4  1  4 18 10  2  1 15  7  5  7  7  5  4 10  9  5 15  4  1  2  9  3  9  4  2 16  7
