20 10
10  2  7 18 10  4  5  9  2  5  7  8  7  7  4  1  3 19  6  1  7 14  6  2  4  5  4 10 12  4  1  1 10 10  1 10 18  7  2  7 10  6  8 19 10  2  3 11  8  8  9  5  2  3  5  8  8 12  9
12  1  2  5  5  2  7 18  4  4  5  4  2  3  5  6  8 12  7  1  1 10 10  1 10 19  4  2  3 15  5  4 19  9  1  7 14  6  1  5  9 10  2  5 14  6  9  5  8  1  1 19 10  2  7 10  9  8 19  8  1  1 16 10
14  2  5 14  9  9  5  8  1  1 19 10  1  1 10  9  1  3 19  6  2  7 18  6  4  5 10  2  4  5  5 10 12  4  2  3  5  7  8 12  5  1 10 10  7  1  5  9  9  1  1  7 10  2  7 10  6  8 19  5  1  1 10  9  1 10 19  5  1 10 18 10
10  1 10 10  7  2  5  7  7  7  7  9  1  7 14  5  1  1 10  6  1 10 18  9  2  3 15  7  7 13  7  2 10 14  6  5  7 10  2  3 11  8  8  9  5  1  9 11  9  1  5  9 10
12  1  5  9  6  2  5 14  7  9  5 10  2  7 18  5  4  5  9  2  3 11  8  8  9  4  1  1 10  7  1  9 11  6  1  1  7  8  1  7 14  4  2  4  5  9 10 12 10  2  3 15  9  4 19  5  1  8 18  6  1 10 19 10
10  2  3 15 10  7 13 10  1  3 19  9  1  5  9  4  1 10 19  7  2  3  5  7  8 12 10  2  7 18  4  4  5 10  2  8 14  9 10  9  6  2  4  5  8 10 12  7  1 10 18  6  1  1  7  7
12  1  1 10  4  1 10 18  6  1  1  7 10  1  5  9  7  2  8 14  4 10  9  9  2  7 10  8  8 19  8  2  3 15  7  4 19  9  2 10 14  8  5  7  8  1  8 18  8  1 10 19  6  1  1 19  4  1  1 10  9
11  1  1 10  5  1  7 14  6  1  1 10  7  2  3 15  5  4 19  9  2  5 14  9  9  5 10  2  7 18 10  4  5  8  1  3 19  5  1  1 19  7  2  4  5  6 10 12  6  1  5  9  8  1 10 19  9
14  2  7 10  9  8 19  7  2  8 14 10 10  9  4  1  1 19  5  1 10 19  6  2 10 14  5  5  7  6  1  2  5  4  2  4  5  5 10 12  7  2  5  7 10  7  7  4  1  1 16  9  1  1  7  5  1  9 11  7  1  3 19 10  1  1 10  4  1 10 18 10
11  1 10 19  9  2 10 14  5  5  7 10  1  8 18  7  2  3 11  9  8  9  4  1  1  7  8  1  1 10  9  2  5 14  5  9  5  7  2  3 15 10  4 19  6  1 10 18  8  1  3 19  8  1  1 19  8
11  2  5 14  5  9  5  4  1  1 10  6  1  8 18  7  2  3 15  7  4 19  9  2  7 10  8  8 19  6  2  3  5  4  8 12  8  2  3 11  5  8  9  7  2  8 14  4 10  9 10  1 10 10 10  1  9 11  5  1  3 19  6
10  1 10 19  4  2  3 11  5  8  9  6  2  5  7  6  7  7  7  1  1 16  4  1  7 14  4  2  7 18  4  4  5 10  2  4  5  5 10 12 10  1  1 10  9  1  8 18  6  2  5 14  7  9  5  4
11  2 10 14  5  5  7  5  1 10 19  4  2  7 10  7  8 19  8  2  3 15  7  4 19  7  1  1 19  7  1  8 18  9  2  8 14  5 10  9 10  2  3 11  5  8  9  4  1 10 18  9  2  5 14  6  9  5  7  1  2  5  5
11  1  1 10  7  2  5  7  5  7  7  6  1  1 10  6  1  9 11  9  1  7 14  4  2  3 15  8  7 13  8  2  8 14  8 10  9  8  1  1 16  8  2  3  5  6  8 12  9  2  5 14  6  9  5  6  1  2  5  9
11  2  5 14  7  9  5 10  2  5  7  5  7  7  7  1  7 14  7  1 10 10  5  2  7 10  4  8 19  7  2  3 15  9  4 19 10  2  7 18 10  4  5  5  1  1  7  9  2  3 11  5  8  9 10  1  1 19  8  1  8 18  9
11  1  2  5  6  2  7 10 10  8 19  5  1 10 10  8  1  9 11  4  1  8 18  5  2 10 14  8  5  7  9  2  5 14  4  9  5 10  1  1 10 10  1  1 19 10  2  3 15 10  7 13  5  2  8 14 10 10  9  9
13  1 10 10  4  2  5 14  8  9  5 10  1  5  9  8  1 10 19  7  1  1 10  8  2  3  5  6  8 12  4  1  2  5  6  2 10 14  6  5  7 10  1  1 10  8  2  8 14  5 10  9  7  2  3 15  6  7 13  9  1  1 16  4  1  7 14  5
11  2  3 15  4  7 13 10  1  2  5  5  1 10 19  7  1  3 19  6  1  8 18 10  1  1  7  7  1  5  9  8  1  7 14  6  2  7 18  6  4  5 10  1  1 10 10  2  5 14 10  9  5  4
10  2  7 10  7  8 19  4  1  2  5  8  2  3 11  4  8  9  8  1  9 11  9  2  4  5  5 10 12  6  1 10 18  9  2  7 18  6  4  5  5  2  8 14 10 10  9  4  2  3  5  4  8 12 10  1 10 19  7
10  1 10 18  8  1 10 10  5  1  7 14  4  1  9 11 10  2  3 15  4  7 13  7  1  2  5  8  2  8 14  8 10  9  8  2  3  5 10  8 12  8  1  5  9 10  1  1 16  9
