20 10
12  2  2 10  8  1 11 10  1  8 17  5  1  8 14  4  1  1 10  4  2  2 16  8 10 18  8  2  9  6  6  2 12 10  4  7  9  9  4 11  8  3 10  6  1 16  9  2  5 19  7  1  7  7  1  9 11  9  1  4 16  7  1  2  5  5  5  7  9  6  9  9  7  4  6  9  8 14 10  6 16  6
13  1  8 17  5  2  5  6  6  4 11  8  2  2 10  6  1 11 10  2  5  9  8  8  8  4  2  2 16  8  3 11  7  4  1  8 10  5 14 10 10 15  7  6 12 10  4  6 10 10  8 15  9  7  5  6  2  8  7  2  5 19  8  1  7  8  4  7  9  7  4 11  4  3 10  8  1 16  9  1  1 10  5  4  1 16  6  3 11  7  7 17  8  4  7  8  1  4 16  7  4  3 11  4  5  8  7  7 11  8  9 17  8
11  4  6 10  5  8 15  7  7  5  9  2  8  5  2  5  9  4  8  8 10  2  2 16  7 10 18  4  2  2 10  4  1 11  7  5  7  9 10  9  9  4  4  6  8  8 14  6  6 16  9  1  4 16  9  2  5 19  5  1  7  8  1  1 10 10  2  5  6  4  4 11  7  2  2 16  5  3 11 10  1  3 14  6
11  4  1  8  7  5 14  6 10 15  9  6 12  6  2  5 19  7  1  7  9  4  4 11  8  8 16  4  9 15  4  1  6  7  1  8 14  4  1  4 16  5  1  8 17  4  4  1 16  8  3 11  6  7 17  7  4  7  9  4 10  6  4  8 13  4  5  5  6  2  8  6  1  3 14 10  4  7  9  6  4 11 10  3 10  9  1 16  4  1  1 10  9
14  1  8 17  8  1  4 16  5  1  5  9  8  4 10  6  6  8 13  7  5  5 10  2  8  8  4  1 16  5  3 11  6  7 17  7  4  7  7  2  2 16  5 10 18  6  4  6 10  4  8 15 10  7  5  7  2  8  8  1  8 14  5  2  5  6  8  4 11  6  4  2  5  6  7 13  7 10 10  9  5 11  6  5  7  9  8  9  9  5  4  6  4  8 14  4  6 16  9  2  5  9  5  8  8  6  4  1  8  8  5 14  5 10 15  7  6 12  9  2  5 19  8  1  7  8
11  4  2  5  9  7 13 10 10 10  5  5 11  6  2  2 16  4 10 18  7  1  1 10 10  1  3 14  7  1  5  9  4  5  7  9  6  9  9  7  4  6  4  8 14  4  6 16  5  1  8 17  7  1  8 14 10  1  2  5  6  4  6 10  9  8 15  6  7  5  8  2  8  9  4  4 11 10  8 16  9  9 15  5  1  6  8
14  1  8 14  7  1  8 17 10  2  5  9  7  8  8  4  1  4 16  4  1  1 10  9  4  2  5  5  7 13  5 10 10  9  5 11  4  1  2  5  4  2  5  6 10  4 11  8  5  7  9  4  9  9  5  4  6  7  8 14 10  6 16  6  4  4 11 10  8 16  4  9 15  5  1  6  7  5  2  8  9  1 19  6  8 13  8  6 14  4 10 18  9  4  6 10  6  8 15  4  7  5  6  2  8  7  4  1 16  4  3 11  7  7 17  5  4  7  6  2  2 16  6 10 18  9
13  1  1 10  6  4 10  6  4  8 13  6  5  5  9  2  8  4  1  5  9  5  4  7  9  8  4 11  6  3 10 10  1 16  5  1  9 11  6  4  2  5  7  7 13 10 10 10  7  5 11 10  4  6 10  4  8 15 10  7  5  4  2  8  6  1  2  5  7  5  2  8 10  1 19  5  8 13  7  6 14  6 10 18  5  5  7  9  8  9  9  5  4  6  5  8 14  8  6 16  9  2  2 10 10  1 11  5  4  1 16 10  3 11  6  7 17  6  4  7  9  2  5  6  4  4 11  8
11  1  8 17  9  1  2  5  8  1  1 10  9  1  4 16  9  2  5  6  6  4 11  6  4  7  9  5  4 11  6  3 10  5  1 16  7  5  2  8  6  1 19  7  8 13  7  6 14  6 10 18  4  1  9 11  7  2  9  6 10  2 12 10  2  2 10  7  1 11  8  2  5  9  9  8  8  5
12  1  4 16 10  4  4 11  6  8 16  8  9 15  7  1  6  6  1  3 14  9  4  2  5  7  7 13  4 10 10  7  5 11 10  1  9 11  8  5  7  9 10  9  9  6  4  6  5  8 14  4  6 16  4  2  5  6  9  4 11  4  4  1 16  6  3 11  6  7 17  6  4  7  7  2  2 10  5  1 11  5  2  2 16  8  3 11  8  4  1  8  9  5 14  9 10 15  9  6 12  7  1  1 10  8
10  1  9 11  8  1  5  9  8  5  2  8  9  1 19  9  8 13  9  6 14  6 10 18 10  1  4 16  8  4  4 11  6  8 16  7  9 15  8  1  6  6  2  5  9  4  8  8  5  4  7  9  9  4 11  9  3 10  9  1 16  8  1  3 14 10  1  1 10  8  4  1 16  8  3 11  7  7 17 10  4  7  7
11  4 10  6  7  8 13  5  5  5  5  2  8  6  4  4 11  5  8 16  8  9 15 10  1  6  8  1  4 16  4  2  9  6  8  2 12  5  4  6 10  6  8 15  8  7  5  8  2  8  5  4  7  9  9  4 11 10  3 10  4  1 16  5  1  2  5  7  1  8 14  5  5  7  9  4  9  9 10  4  6  7  8 14  9  6 16  6  2  5  6 10  4 11  4  2  2 16 10 10 18  9
11  1  2  5  4  1  3 14  5  2  9  6  4  2 12  4  1  5  9  9  4  2  5 10  7 13  7 10 10  5  5 11  8  4  1 16  5  3 11  8  7 17  6  4  7  5  2  2 10  4  1 11  4  1  8 17  9  2  5 19  8  1  7  9  1  1 10 10  4  7  9  7  4 11  7  3 10  9  1 16  6
10  4  3 11  4  5  8  9  7 11  5  9 17  7  1  1 10  8  2  2 16  5 10 18  6  2  2 10  7  1 11  5  4  6 10 10  8 15  9  7  5 10  2  8  4  4  4 11  5  8 16  8  9 15 10  1  6 10  1  4 16  9  4  1 16  4  3 11  8  7 17 10  4  7  4  4  7  9  9  4 11  6  3 10  6  1 16  9  2  2 16  8  3 11 10
12  1  1 10  9  4  4 11  8  8 16  9  9 15  9  1  6  7  4  2  5  9  7 13 10 10 10  6  5 11  9  5  2  8  8  1 19  5  8 13  4  6 14  7 10 18  8  2  5  6  9  4 11  7  2  9  6  5  2 12  8  1  2  5  9  4 10  6 10  8 13  6  5  5  5  2  8  6  1  4 16  4  2  2 16  6  3 11 10  2  2 10  4  1 11  6  4  6 10  6  8 15  7  7  5 10  2  8  4
14  1  8 17  8  4  4 11  9  8 16 10  9 15  4  1  6  7  1  3 14  9  2  9  6  8  2 12  5  1  8 14  8  4  6 10  8  8 15 10  7  5 10  2  8  8  4  7  9  6  4 11  7  3 10  7  1 16  6  4  2  5  9  7 13 10 10 10  4  5 11  9  4  1  8  5  5 14  8 10 15  8  6 12  4  2  2 10 10  1 11  4  1  4 16  5  4  3 11  9  5  8 10  7 11  9  9 17  5  2  5 19  7  1  7  5  4 10  6  4  8 13  5  5  5  7  2  8  4
13  5  2  8 10  1 19  9  8 13  8  6 14  4 10 18  6  1  9 11  7  4  7  9  5  4 11  6  3 10  6  1 16  5  1  8 17  6  4 10  6  4  8 13  5  5  5  4  2  8  9  2  5  6  7  4 11 10  1  1 10  9  4  6 10 10  8 15  5  7  5  8  2  8  7  2  2 10  7  1 11  9  2  2 16  7 10 18 10  4  1 16  6  3 11  6  7 17  4  4  7  8  1  3 14 10  2  5 19  9  1  7  7
11  5  2  8 10  1 19  8  8 13  4  6 14  9 10 18  8  5  7  9  4  9  9  8  4  6  6  8 14  7  6 16  4  2  5  6 10  4 11  9  4 10  6  6  8 13  6  5  5  8  2  8  8  1  3 14  9  4  3 11  4  5  8  4  7 11 10  9 17  8  1  9 11  4  2  2 10 10  1 11  8  4  2  5 10  7 13  4 10 10  6  5 11  8  1  8 14  8  4  1  8  5  5 14  7 10 15  5  6 12  8
13  1  3 14  6  2  2 10  4  1 11  9  4  7  9  6  4 11  7  3 10 10  1 16  8  2  2 16  8 10 18  7  2  2 16  5  3 11  9  4  4 11  7  8 16  9  9 15  9  1  6 10  4  1 16  6  3 11  9  7 17  5  4  7  9  4  2  5  8  7 13 10 10 10  4  5 11  9  4 10  6  7  8 13  9  5  5 10  2  8  4  2  5  9  7  8  8  8  1  2  5  7  4  6 10  9  8 15  6  7  5  4  2  8  7  1  5  9  9
13  4  1 16  5  3 11  8  7 17  9  4  7  7  4  2  5  9  7 13  5 10 10  9  5 11  6  4  6 10  7  8 15  7  7  5 10  2  8  7  1  3 14  8  2  5  6  4  4 11 10  4  4 11  9  8 16  6  9 15  4  1  6  8  1  5  9  6  1  1 10  5  1  8 17  4  2  9  6  6  2 12 10  5  2  8 10  1 19  7  8 13  6  6 14  7 10 18  8  2  2 16  8  3 11  5  2  2 16  7 10 18 10
