20 15
12  2  6  5  9  2  5  4  2  7 11  9  6 11  6  1  2  5  6  4  8 10 10  3 18  5  4 10  5  9  7  7  2  7  9  8  1  7  5  4  1  8  9  7 14  8  9 12  7  4  7 10  3  4 13  6  8  8 10  2  6 10  5  3  8 10  1 19  8  9 13  5 10 19  7  2 16  4  5  2 16  7 10  9  7  3 12  7  4 11  4  5 15 10  2  9 10  8 10  5  5  3  7  5  6  2  8  9  4  7  8  4  1  6  4  6 13  8  5 11 10 10  7  8
13  2  7 11  6  6 11  5  4  2 16  7 10  9  6  5  9 10  8 16  6  2  6  5  7  2  5  9  2  2 11  7  1  9  6  2  3 12  8  7 15  6  4  4 11  7 10 14  9  5 10  7  7 15  5  4  3  8  5  1 12  9  5  5  5 13 11  4  5  3  8  9  1 19  4  9 13  4 10 19  5  2 16  6  3  4 13  6  8  8  9  2  6 10  4  8 10  7  3 18  9  4 10  6  9  7 10  4  1 16 10  5 11  6 10 17  9  3  6  9  2  9 10  5 10  5  9  2  5 11  7  2 11  4
11  4  3  8  5  1 12  7  5  5  7 13 11  5  2  2 11  4  1  9  7  2  7  9 10  1  7  8  2  6  5  9  2  5 10  4  1  6 10  6 13  8  5 11 10 10  7  9  2  9 10  4 10  5  6  5  3  8  4  1 19  4  9 13  5 10 19  6  2 16  8  4  8 10  5  3 18  8  4 10 10  9  7  8  4  2 16  7 10  9 10  5  9  5  8 16  8  2  3 12 10  7 15  7  2  2  5  5  9 19 10
11  4  4 11  5 10 14  4  5 10  6  7 15 10  5  3  8  7  1 19  7  9 13  6 10 19  9  2 16 10  1  5 15  8  1  2  5  7  2  9 10 10 10  5  6  2  7 11  6  6 11  5  4  1 16 10  5 11  5 10 17 10  3  6  9  2 10 13  5  6 11  8  2  2  5  7  9 19  9  3  4 13  7  8  8  5  2  6  5  4  8 10 10  3 18  5  4 10 10  9  7  4
14  2  7 11  5  6 11  8  2  9 10  5 10  5  5  4  5 11  9  7  8  9 10 11  9  2 16  4  2 10 13  6  6 11  8  4  1 16  5  5 11  5 10 17  4  3  6  4  2  7  9  7  1  7 10  4  3  8  8  1 12 10  5  5  8 13 11  6  1  2  5  8  4  2 16  6 10  9 10  5  9  6  8 16 10  3  1 15 10  2 19  7  9  9  9  4  1  6  7  6 13  4  5 11  9 10  7  6  2  2 11  7  1  9  4  4  4 11  8 10 14 10  5 10  9  7 15 10  5  3  8  9  1 19 10  9 13  4 10 19  5  2 16  7
11  3  1 15  4  2 19 10  9  9  8  2  7  9 10  1  7  7  4  8 10  5  3 18  4  4 10 10  9  7  5  2  2  5 10  9 19  7  4  5 11  6  7  8  5 10 11  4  2 16  5  4  1  6  4  6 13  8  5 11  9 10  7  8  2  7 11 10  6 11  7  1  2  5  9  3  7  5  9  2  8  9  4  7  8  4  3  8  4  1 12  8  5  5 10 13 11  4  1  5 15  6
14  1  2  5  8  2  7 11  4  6 11  9  2  2 11  5  1  9  6  2  9 10  9 10  5  5  4  8 10  4  3 18  6  4 10  7  9  7 10  3  1 15  7  2 19  6  9  9  7  3  7  5  6  2  8  6  4  7 10  4  2 16  4 10  9  5  5  9  9  8 16  5  4  1  6  9  6 13  8  5 11  8 10  7  9  1  5 15  4  4  7 13  9 10 19  5  6 18  5  4  8  7  4  3  8  9  1 12  9  5  5  5 13 11  6  4  1 16  7  5 11  9 10 17  8  3  6  6  2  7  9  8  1  7  6
13  4  8 10  7  3 18 10  4 10  6  9  7  7  2 10 13  5  6 11 10  4  5 11  5  7  8  5 10 11  7  2 16  8  3  4 13  8  8  8  5  2  6  4  5  2 16  6 10  9  9  3 12 10  4 11  8  5 15  4  3  1 15  6  2 19  9  9  9  4  4  3  8  5  1 12  7  5  5  7 13 11 10  3  7  5  4  2  8  6  4  7  4  4  7 13 10 10 19  8  6 18 10  4  8  5  4  1  6  5  6 13 10  5 11  9 10  7 10  2  6  5  7  2  5  5  4  1 16 10  5 11  4 10 17  8  3  6  6  4  2 16  9 10  9  5  5  9  4  8 16 10
11  2  7 11  5  6 11  6  3  7  5  6  2  8 10  4  7  8  4  8 10  8  3 18  6  4 10  8  9  7  6  2  9 10  4 10  5  8  4  2 16  6 10  9  8  5  9 10  8 16  7  3  4 13  4  8  8  4  2  6  9  4  7 13  4 10 19  6  6 18 10  4  8  6  5  2 16  4 10  9 10  3 12  8  4 11  5  5 15  4  4  1  8 10  7 14  5  9 12  9  4  7  8  2  6  5  5  2  5  4  2  2 11  8  1  9  8
12  2  9 10  9 10  5  7  1  5 15  7  2  2  5  7  9 19  7  3  1 15  8  2 19  7  9  9  8  5  2 16  6 10  9  8  3 12  8  4 11 10  5 15 10  4  1  6  9  6 13 10  5 11  6 10  7  5  4  2 16  8 10  9  8  5  9  7  8 16 10  4  1 16  6  5 11  6 10 17  5  3  6  7  2  6  5  4  2  5  9  2  3 12  7  7 15 10  4  4 11  6 10 14  7  5 10  7  7 15  6  4  8 10  5  3 18 10  4 10  6  9  7  6
10  5  2 16  7 10  9  4  3 12  5  4 11 10  5 15  9  4  5 11  8  7  8 10 10 11  8  2 16 10  4  7 13  4 10 19  4  6 18  7  4  8  8  2  9 10 10 10  5 10  1  5 15  6  2  2 11  8  1  9  6  3  4 13  9  8  8 10  2  6  8  2  2  5  5  9 19  6  4  8 10  5  3 18  6  4 10  5  9  7  5  4  1 16  8  5 11  4 10 17  5  3  6  9
11  2 10 13  7  6 11  8  1  5 15  9  2  9 10  8 10  5 10  4  1  8  4  7 14  7  9 12  7  4  7  9  4  3  8  5  1 12  6  5  5  7 13 11  9  3  4 13 10  8  8  7  2  6  6  3  7  5  5  2  8  5  4  7  4  1  2  5  4  4  1  6  5  6 13  4  5 11  9 10  7  6  4  2 16  6 10  9  4  5  9  4  8 16 10  2  7  9  8  1  7  5
11  3  7  5  4  2  8  6  4  7  7  2  2  5  6  9 19  8  4  1  8  6  7 14 10  9 12  8  4  7  8  4  5 11  8  7  8  7 10 11  9  2 16 10  3  1 15  9  2 19  6  9  9 10  4  1 16  8  5 11  7 10 17  9  3  6  5  2  6  5  5  2  5  9  2  7 11  7  6 11  8  5  3  8  7  1 19  4  9 13  6 10 19  8  2 16  7  4  8 10  5  3 18  9  4 10  7  9  7  6  3  4 13  5  8  8  5  2  6 10
10  2  5 11  9  2 11 10  4  8 10  7  3 18  7  4 10  7  9  7  6  2  7  9  8  1  7 10  2  6  5  5  2  5  5  4  3  8  9  1 12  6  5  5  5 13 11  9  1  5 15  6  2  9 10  5 10  5  7  4  1 16  6  5 11 10 10 17 10  3  6  9  3  4 13  8  8  8  9  2  6  7  2  3 12  5  7 15  8
12  4  8 10  4  3 18 10  4 10  5  9  7 10  1  5 15  7  3  1 15  9  2 19  4  9  9  8  4  7 13  4 10 19  4  6 18  9  4  8  7  4  2 16  8 10  9  4  5  9 10  8 16  9  4  1  8  6  7 14  7  9 12  7  4  7  5  3  7  5  9  2  8  9  4  7  5  2 10 13  9  6 11  7  2  9 10  6 10  5  5  2  3 12  5  7 15  7  2  6  5  5  2  5 10  4  3  8  5  1 12  6  5  5  4 13 11  7
14  2  7 11  8  6 11  4  1  5 15  5  2  2  5  9  9 19  4  4  1  8 10  7 14  4  9 12  4  4  7  5  1  2  5  7  4  3  8 10  1 12  4  5  5  5 13 11  6  3  4 13  9  8  8  8  2  6 10  3  1 15  6  2 19  7  9  9  8  4  4 11  5 10 14  9  5 10  8  7 15  9  2  6  5  6  2  5  9  2  9 10  9 10  5  7  2  5 11  9  2 11  6  5  3  8  9  1 19  6  9 13  6 10 19  6  2 16  9  2 10 13  5  6 11  6
13  4  7 13  9 10 19  8  6 18  4  4  8  5  5  2 16  7 10  9  8  3 12 10  4 11  8  5 15  5  3  4 13 10  8  8  5  2  6  7  2  7 11  8  6 11  4  2 10 13  7  6 11  9  4  2 16  5 10  9  9  5  9  6  8 16  6  4  8 10 10  3 18  7  4 10  7  9  7 10  4  3  8  4  1 12  5  5  5  6 13 11  8  2  6  5  5  2  5  4  2  7  9  6  1  7  4  4  1 16  6  5 11  7 10 17 10  3  6  6  2  2  5  7  9 19  9  5  3  8  7  1 19  6  9 13  9 10 19  5  2 16  7
11  4  7 13  6 10 19  4  6 18  4  4  8  8  4  1  6  8  6 13  4  5 11  4 10  7  5  4  2 16  9 10  9  6  5  9  7  8 16  6  2 10 13  9  6 11  4  2  2  5  5  9 19 10  2  5 11  6  2 11  9  5  2 16 10 10  9  7  3 12  9  4 11  7  5 15  8  2  6  5  5  2  5  4  3  1 15 10  2 19  7  9  9 10  1  2  5  4  4  4 11  8 10 14  9  5 10 10  7 15  7
13  2  2  5  9  9 19  5  2  6  5  9  2  5  7  3  4 13  8  8  8  8  2  6 10  2  7  9  4  1  7  4  2  3 12  6  7 15  4  1  5 15  4  4  1 16  6  5 11  6 10 17 10  3  6  4  3  1 15  5  2 19  4  9  9  8  2 10 13  6  6 11  5  2  2 11  6  1  9  7  3  7  5  7  2  8  8  4  7  4  4  3  8 10  1 12  5  5  5  8 13 11 10  4  5 11 10  7  8 10 10 11  5  2 16  7
13  4  1 16  9  5 11 10 10 17  4  3  6  4  3  1 15  4  2 19  9  9  9  6  4  3  8  7  1 12  6  5  5  7 13 11  6  2  2  5  5  9 19  5  4  2 16  8 10  9  8  5  9  7  8 16  4  1  5 15  7  4  5 11  9  7  8  7 10 11  7  2 16  4  4  8 10 10  3 18  8  4 10  7  9  7  7  2  7 11  7  6 11  9  4  1  8  8  7 14  7  9 12 10  4  7  6  4  7 13 10 10 19  4  6 18  6  4  8  4  2  3 12  7  7 15  4  2  7  9  7  1  7  4
